"X" "Y"
677018.8245 4610805.964
677019.7055 4610807.29
677020.246 4610808.103
677021.3265 4610809.733
677024.936 4610807.0525
677026.1365 4610808.6925
677028.526 4610806.9125
677028.536 4610806.9025
677029.096 4610806.4825
677031.3265 4610809.5525
677032.5865 4610809.4825
677032.5965 4610809.4825
677032.6365 4610809.4825
677033.5965 4610809.4425
677033.987 4610809.4265
677039.4505 4610809.204
677039.3765 4610807.9725
677041.5065 4610806.432
677041.4365 4610806.342
677040.336 4610804.802
677039.276 4610803.342
677038.736 4610802.592
677037.096 4610800.3025
677036.216 4610799.0925
677036.216 4610799.0825
677036.983 4610798.573
677037.7195 4610798.083
677035.876 4610795.6025
677041.246 4610791.602
677043.066 4610794.062
677045.926 4610791.982
677047.636 4610790.672
677048.356 4610790.122
677049.436 4610789.302
677052.5755 4610786.912
677049.856 4610785.1615
677048.2955 4610786.322
677046.2955 4610783.632
677045.5955 4610784.152
677044.5255 4610784.942
677042.7355 4610782.542
677044.156 4610781.4915
677041.7355 4610779.932
677040.2155 4610780.832
677039.0455 4610781.512
677038.3355 4610781.932
677035.3355 4610783.702
677034.4855 4610784.0925
677034.4455 4610784.1225
677034.4355 4610784.1225
677033.402 4610784.7295
677034.9155 4610786.7825
677037.196 4610789.832
677036.6155 4610790.268
677036.6245 4610790.346
677036.6325 4610790.4245
677036.639 4610790.5025
677036.644 4610790.581
677036.6475 4610790.6595
677036.65 4610790.738
677036.651 4610790.8165
677036.6505 4610790.895
677036.649 4610790.9735
677036.6455 4610791.052
677036.641 4610791.1305
677036.6355 4610791.2085
677036.628 4610791.287
677036.6195 4610791.365
677036.6095 4610791.443
677036.598 4610791.5205
677036.5855 4610791.5985
677036.5715 4610791.676
677036.556 4610791.753
677036.5395 4610791.8295
677036.5215 4610791.906
677036.502 4610791.982
677036.4815 4610792.058
677036.459 4610792.1335
677036.436 4610792.2085
677036.411 4610792.283
677036.3855 4610792.357
677036.358 4610792.4305
677036.3295 4610792.504
677036.3 4610792.5765
677036.2685 4610792.6485
677036.2365 4610792.72
677036.203 4610792.791
677036.168 4610792.8615
677036.132 4610792.9315
677036.095 4610793.0005
677036.0565 4610793.069
677036.017 4610793.137
677035.976 4610793.204
677035.934 4610793.2705
677035.891 4610793.336
677035.8465 4610793.401
677035.8015 4610793.465
677035.755 4610793.5285
677035.7075 4610793.591
677035.6585 4610793.6525
677035.609 4610793.7135
677035.558 4610793.773
677035.5065 4610793.832
677035.4535 4610793.8905
677035.3995 4610793.9475
677035.3445 4610794.0035
677035.289 4610794.059
677035.232 4610794.1135
677035.1745 4610794.1665
677035.116 4610794.219
677035.0565 4610794.27
677034.996 4610794.32
677034.9345 4610794.3695
677034.8725 4610794.4175
677034.8095 4610794.4645
677034.7455 4610794.51
677034.681 4610794.555
677034.616 4610794.5985
677034.5495 4610794.641
677034.483 4610794.682
677034.4155 4610794.7225
677034.347 4610794.761
677034.2785 4610794.799
677034.209 4610794.8355
677034.1385 4610794.871
677034.068 4610794.905
677033.9965 4610794.9375
677033.9245 4610794.9695
677033.852 4610794.9995
677033.779 4610795.0285
677033.7055 4610795.0565
677033.632 4610795.083
677033.5575 4610795.108
677033.4825 4610795.132
677033.4075 4610795.1545
677033.332 4610795.176
677033.256 4610795.196
677033.1795 4610795.2145
677033.103 4610795.2315
677033.026 4610795.2475
677032.949 4610795.262
677032.8715 4610795.2755
677032.794 4610795.2875
677032.716 4610795.298
677032.638 4610795.307
677032.56 4610795.315
677032.4815 4610795.3215
677032.403 4610795.3265
677032.3245 4610795.33
677032.246 4610795.3325
677032.1675 4610795.3335
677032.089 4610795.333
677032.0105 4610795.3315
677031.932 4610795.328
677031.876 4610795.3325
677031.8535 4610795.3235
677031.7755 4610795.318
677031.697 4610795.3105
677031.619 4610795.302
677031.541 4610795.292
677031.4635 4610795.2805
677031.386 4610795.268
677031.3085 4610795.254
677031.2315 4610795.2385
677031.155 4610795.222
677031.0785 4610795.204
677031.0025 4610795.1845
677030.9265 4610795.164
677030.8515 4610795.1415
677030.7765 4610795.1185
677030.7015 4610795.0935
677030.6275 4610795.068
677030.554 4610795.0405
677030.4805 4610795.012
677030.408 4610794.9825
677030.336 4610794.951
677030.2645 4610794.919
677030.1935 4610794.8855
677030.123 4610794.8505
677030.053 4610794.8145
677029.984 4610794.7775
677029.9155 4610794.739
677029.8475 4610794.6995
677029.7805 4610794.6585
677029.714 4610794.6165
677029.6485 4610794.5735
677029.5835 4610794.529
677029.5195 4610794.484
677029.456 4610794.4375
677029.3935 4610794.39
677029.332 4610794.341
677029.271 4610794.2915
677029.2115 4610794.2405
677029.1525 4610794.189
677029.094 4610794.136
677029.037 4610794.082
677028.981 4610794.027
677028.966 4610794.0125
677028.9435 4610793.99
677026.4455 4610790.6325
677025.605 4610789.5015
677023.6355 4610790.6725
677023.5555 4610790.7225
677023.5455 4610790.7225
677020.3055 4610791.9225
677023.286 4610795.9425
677015.846 4610801.483
677018.106 4610804.883
677018.8245 4610805.964
677030.536 4610798.3825
677030.5505 4610798.392
677030.574 4610798.41
677030.5975 4610798.428
677030.621 4610798.4465
677030.644 4610798.465
677030.6665 4610798.4845
677030.6885 4610798.504
677030.7105 4610798.524
677030.732 4610798.5445
677030.753 4610798.5655
677030.774 4610798.5865
677030.7945 4610798.608
677030.8145 4610798.63
677030.834 4610798.652
677030.8535 4610798.675
677030.872 4610798.6975
677030.8905 4610798.721
677030.9085 4610798.7445
677030.9265 4610798.7685
677030.9435 4610798.7925
677030.9605 4610798.817
677030.977 4610798.8415
677030.9925 4610798.8665
677031.008 4610798.892
677031.0235 4610798.9175
677031.038 4610798.9435
677031.052 4610798.9695
677031.0655 4610798.9955
677031.079 4610799.0225
677031.0915 4610799.049
677031.104 4610799.076
677031.116 4610799.1035
677031.127 4610799.1305
677031.138 4610799.1585
677031.1485 4610799.186
677031.1585 4610799.214
677031.168 4610799.242
677031.1765 4610799.2705
677031.185 4610799.299
677031.193 4610799.3275
677031.2005 4610799.3565
677031.2075 4610799.385
677031.214 4610799.414
677031.22 4610799.443
677031.225 4610799.4725
677031.23 4610799.5015
677031.2345 4610799.531
677031.2385 4610799.5605
677031.2415 4610799.59
677031.2445 4610799.6195
677031.247 4610799.649
677031.2485 4610799.6785
677031.25 4610799.708
677031.251 4610799.738
677031.251 4610799.7675
677031.251 4610799.797
677031.25 4610799.827
677031.2485 4610799.8565
677031.247 4610799.886
677031.2445 4610799.9155
677031.2415 4610799.945
677031.2385 4610799.9745
677031.2345 4610800.004
677031.23 4610800.0335
677031.225 4610800.0625
677031.22 4610800.092
677031.214 4610800.121
677031.2075 4610800.15
677031.2005 4610800.179
677031.193 4610800.2075
677031.185 4610800.236
677031.1765 4610800.2645
677031.168 4610800.293
677031.1585 4610800.321
677031.1485 4610800.349
677031.138 4610800.377
677031.127 4610800.4045
677031.116 4610800.432
677031.104 4610800.459
677031.0915 4610800.486
677031.079 4610800.513
677031.0655 4610800.5395
677031.052 4610800.5655
677031.038 4610800.5915
677031.0235 4610800.6175
677031.008 4610800.643
677030.9925 4610800.6685
677030.977 4610800.6935
677030.9605 4610800.718
677030.9435 4610800.7425
677030.9265 4610800.767
677030.9085 4610800.7905
677030.8905 4610800.814
677030.872 4610800.8375
677030.8535 4610800.8605
677030.834 4610800.883
677030.8145 4610800.905
677030.7945 4610800.927
677030.774 4610800.9485
677030.753 4610800.9695
677030.732 4610800.9905
677030.7105 4610801.011
677030.6885 4610801.031
677030.6665 4610801.0505
677030.644 4610801.07
677030.621 4610801.0885
677030.5975 4610801.107
677030.574 4610801.125
677030.5505 4610801.143
677030.526 4610801.16
677030.5015 4610801.177
677030.477 4610801.1935
677030.452 4610801.209
677030.4265 4610801.2245
677030.401 4610801.24
677030.375 4610801.2545
677030.349 4610801.2685
677030.323 4610801.282
677030.2965 4610801.2955
677030.2695 4610801.308
677030.2425 4610801.3205
677030.2155 4610801.3325
677030.188 4610801.3435
677030.1605 4610801.3545
677030.1325 4610801.365
677030.1045 4610801.375
677030.0765 4610801.3845
677030.048 4610801.393
677030.0195 4610801.4015
677029.991 4610801.4095
677029.9625 4610801.417
677029.9335 4610801.424
677029.9045 4610801.4305
677029.8755 4610801.4365
677029.846 4610801.4415
677029.817 4610801.4465
677029.7875 4610801.451
677029.758 4610801.455
677029.7285 4610801.458
677029.699 4610801.461
677029.6695 4610801.4635
677029.64 4610801.465
677029.6105 4610801.4665
677029.5805 4610801.4675
677029.551 4610801.4675
677029.5215 4610801.4675
677029.4915 4610801.4665
677029.462 4610801.465
677029.4325 4610801.4635
677029.403 4610801.461
677029.3735 4610801.458
677029.344 4610801.455
677029.3145 4610801.451
677029.285 4610801.4465
677029.256 4610801.4415
677029.2265 4610801.4365
677029.1975 4610801.4305
677029.1685 4610801.424
677029.14 4610801.417
677029.111 4610801.4095
677029.0825 4610801.4015
677029.054 4610801.393
677029.0255 4610801.3845
677028.9975 4610801.375
677028.9695 4610801.365
677028.942 4610801.3545
677028.914 4610801.3435
677028.887 4610801.3325
677028.8595 4610801.3205
677028.8325 4610801.308
677028.806 4610801.2955
677028.779 4610801.282
677028.753 4610801.2685
677028.727 4610801.2545
677028.701 4610801.24
677028.6755 4610801.2245
677028.65 4610801.209
677028.625 4610801.1935
677028.6005 4610801.177
677028.576 4610801.16
677028.552 4610801.143
677028.528 4610801.125
677028.5045 4610801.107
677028.481 4610801.0885
677028.4585 4610801.07
677028.4355 4610801.0505
677028.4135 4610801.031
677028.3915 4610801.011
677028.37 4610800.9905
677028.349 4610800.9695
677028.328 4610800.9485
677028.3075 4610800.927
677028.2875 4610800.905
677028.268 4610800.883
677028.2485 4610800.8605
677028.23 4610800.8375
677028.2115 4610800.814
677028.1935 4610800.7905
677028.1755 4610800.767
677028.1585 4610800.7425
677028.1415 4610800.718
677028.1255 4610800.6935
677028.1095 4610800.6685
677028.094 4610800.643
677028.079 4610800.6175
677028.064 4610800.5915
677028.05 4610800.5655
677028.0365 4610800.5395
677028.023 4610800.513
677028.0105 4610800.486
677027.998 4610800.459
677027.986 4610800.432
677027.975 4610800.4045
677027.964 4610800.377
677027.9535 4610800.349
677027.9435 4610800.321
677027.934 4610800.293
677027.9255 4610800.2645
677027.917 4610800.236
677027.909 4610800.2075
677027.9015 4610800.179
677027.8945 4610800.15
677027.888 4610800.121
677027.8825 4610800.092
677027.877 4610800.0625
677027.872 4610800.0335
677027.8675 4610800.004
677027.8635 4610799.9745
677027.8605 4610799.945
677027.8575 4610799.9155
677027.855 4610799.886
677027.8535 4610799.8565
677027.852 4610799.827
677027.8515 4610799.797
677027.851 4610799.7675
677027.8515 4610799.738
677027.852 4610799.708
677027.8535 4610799.6785
677027.855 4610799.649
677027.8575 4610799.6195
677027.8605 4610799.59
677027.8635 4610799.5605
677027.8675 4610799.531
677027.872 4610799.5015
677027.877 4610799.4725
677027.8825 4610799.443
677027.888 4610799.414
677027.8945 4610799.385
677027.9015 4610799.3565
677027.909 4610799.3275
677027.917 4610799.299
677027.9255 4610799.2705
677027.934 4610799.242
677027.9435 4610799.214
677027.9535 4610799.186
677027.964 4610799.1585
677027.975 4610799.1305
677027.986 4610799.1035
677027.998 4610799.076
677028.0105 4610799.049
677028.023 4610799.0225
677028.0365 4610798.9955
677028.05 4610798.9695
677028.064 4610798.9435
677028.079 4610798.9175
677028.094 4610798.892
677028.1095 4610798.8665
677028.1255 4610798.8415
677028.1415 4610798.817
677028.1585 4610798.7925
677028.1755 4610798.7685
677028.1935 4610798.7445
677028.2115 4610798.721
677028.23 4610798.6975
677028.2485 4610798.675
677028.268 4610798.652
677028.2875 4610798.63
677028.3075 4610798.608
677028.328 4610798.5865
677028.349 4610798.5655
677028.37 4610798.5445
677028.3915 4610798.524
677028.4135 4610798.504
677028.4355 4610798.4845
677028.4585 4610798.465
677028.481 4610798.4465
677028.5045 4610798.428
677028.528 4610798.41
677028.552 4610798.392
677028.576 4610798.375
677028.6005 4610798.358
677028.625 4610798.342
677028.65 4610798.326
677028.6755 4610798.3105
677028.701 4610798.2955
677028.727 4610798.2805
677028.753 4610798.2665
677028.779 4610798.253
677028.806 4610798.2395
677028.8325 4610798.227
677028.8595 4610798.2145
677028.887 4610798.2025
677028.914 4610798.1915
677028.942 4610798.1805
677028.9695 4610798.17
677028.9975 4610798.16
677029.0255 4610798.1505
677029.054 4610798.142
677029.0825 4610798.1335
677029.111 4610798.1255
677029.14 4610798.118
677029.1685 4610798.111
677029.1975 4610798.1045
677029.2265 4610798.099
677029.256 4610798.0935
677029.285 4610798.0885
677029.3145 4610798.084
677029.344 4610798.08
677029.3735 4610798.077
677029.403 4610798.074
677029.4325 4610798.0715
677029.462 4610798.07
677029.4915 4610798.0685
677029.5215 4610798.068
677029.551 4610798.0675
677029.5805 4610798.068
677029.6105 4610798.0685
677029.64 4610798.07
677029.6695 4610798.0715
677029.699 4610798.074
677029.7285 4610798.077
677029.758 4610798.08
677029.7875 4610798.084
677029.817 4610798.0885
677029.846 4610798.0935
677029.8755 4610798.099
677029.9045 4610798.1045
677029.9335 4610798.111
677029.9625 4610798.118
677029.991 4610798.1255
677030.0195 4610798.1335
677030.048 4610798.142
677030.0765 4610798.1505
677030.1045 4610798.16
677030.1325 4610798.17
677030.1605 4610798.1805
677030.188 4610798.1915
677030.2155 4610798.2025
677030.2425 4610798.2145
677030.2695 4610798.227
677030.2965 4610798.2395
677030.323 4610798.253
677030.349 4610798.2665
677030.375 4610798.2805
677030.401 4610798.2955
677030.4265 4610798.3105
677030.452 4610798.326
677030.477 4610798.342
677030.5015 4610798.358
677030.526 4610798.375
677030.536 4610798.3825
